0.000    75.15
0.001    74.95
0.002    74.91
0.003    74.83
0.004    75.19
0.005    74.96
0.006    75.46
0.007    75.57
0.008    75.51
0.009    75.36
0.010    74.96
0.011    74.83
0.012    74.86
0.013    74.77
0.014    74.85
0.015    75.02
0.016    75.16
0.017    75.33
0.018    75.05
0.019    75.10
0.020    75.01
0.021    74.84
0.022    74.52
0.023    74.66
0.024    74.78
0.025    74.95
0.026    75.35
0.027    75.42
0.028    75.24
0.029    74.91
0.030    74.63
0.031    74.53
0.032    74.46
0.033    74.60
0.034    74.75
0.035    75.00
0.036    75.12
0.037    75.10
0.038    75.16
0.039    75.08
0.040    74.80
0.041    74.64
0.042    74.46
0.043    74.48
0.044    74.53
0.045    74.72
0.046    74.82
0.047    75.18
0.048    75.03
0.049    74.99
0.050    74.71
0.051    74.32
0.052    74.45
0.053    74.30
0.054    74.24
0.055    74.56
0.056    74.79
0.057    74.93
0.058    75.01
0.059    74.70
0.060    74.59
0.061    74.22
0.062    74.24
0.063    74.20
0.064    74.50
0.065    74.75
0.066    74.89
0.067    74.98
0.068    74.70
0.069    74.45
0.070    74.41
0.071    74.37
0.072    74.22
0.073    74.20
0.074    74.16
0.075    74.48
0.076    74.78
0.077    74.97
0.078    74.89
0.079    74.66
0.080    74.41
0.081    74.03
0.082    74.00
0.083    74.09
0.084    74.31
0.085    74.59
0.086    74.72
0.087    74.77
0.088    74.52
0.089    74.70
0.090    74.17
0.091    74.14
0.092    74.00
0.093    73.99
0.094    74.06
0.095    74.11
0.096    74.49
0.097    74.57
0.098    74.51
0.099    74.33
0.100    73.81
0.101    73.78
0.102    73.65
0.103    73.82
0.104    74.08
0.105    74.35
0.106    74.48
0.107    74.69
0.108    74.55
0.109    74.23
0.110    74.10
0.111    73.81
0.112    73.87
0.113    73.98
0.114    73.95
0.115    74.08
0.116    74.49
0.117    74.73
0.118    74.70
0.119    74.46
0.120    74.14
0.121    73.88
0.122    73.67
0.123    73.61
0.124    73.75
0.125    73.84
0.126    74.21
0.127    74.24
0.128    74.25
0.129    74.12
0.130    73.80
0.131    73.64
0.132    73.45
0.133    73.33
0.134    73.60
0.135    73.83
0.136    74.18
0.137    74.28
0.138    74.11
0.139    73.90
0.140    73.40
0.141    73.37
0.142    73.29
0.143    73.47
0.144    73.63
0.145    73.83
0.146    73.92
0.147    74.02
0.148    74.05
0.149    73.89
0.150    73.85
0.151    73.46
0.152    73.36
0.153    73.49
0.154    73.51
0.155    73.89
0.156    74.20
0.157    74.30
0.158    74.10
0.159    74.02
0.160    73.50
0.161    73.43
0.162    73.39
0.163    73.64
0.164    73.72
0.165    73.89
0.166    74.22
0.167    74.37
0.168    74.29
0.169    74.23
0.170    73.83
0.171    73.52
0.172    73.31
0.173    73.27
0.174    73.72
0.175    73.77
0.176    74.10
0.177    74.14
0.178    74.11
0.179    73.89
0.180    73.83
0.181    73.67
0.182    73.82
0.183    73.70
0.184    73.60
0.185    73.76
0.186    74.09
0.187    74.22
0.188    74.26
0.189    73.90
0.190    73.62
0.191    73.36
0.192    73.50
0.193    73.43
0.194    73.47
0.195    73.77
0.196    73.98
0.197    73.86
0.198    73.92
0.199    73.76
0.200    73.51
0.201    73.61
0.202    73.50
0.203    73.50
0.204    73.65
0.205    73.91
0.206    74.02
0.207    74.19
0.208    74.28
0.209    73.99
0.210    73.83
0.211    73.75
0.212    73.31
0.213    73.47
0.214    73.61
0.215    74.11
0.216    74.22
0.217    74.06
0.218    74.09
0.219    73.90
0.220    73.76
0.221    73.47
0.222    73.52
0.223    73.59
0.224    73.47
0.225    73.65
0.226    74.05
0.227    74.09
0.228    74.22
0.229    73.98
0.230    73.53
0.231    73.28
0.232    73.28
0.233    73.34
0.234    73.58
0.235    73.69
0.236    73.82
0.237    73.94
0.238    73.75
0.239    73.70
0.240    73.51
0.241    73.35
0.242    73.26
0.243    73.28
0.244    73.29
0.245    73.66
0.246    73.89
0.247    74.02
0.248    74.08
0.249    73.91
0.250    73.60
0.251    73.32
0.252    73.21
0.253    73.20
0.254    73.35
0.255    73.54
0.256    73.85
0.257    73.73
0.258    73.84
0.259    73.58
0.260    73.53
0.261    73.36
0.262    73.28
0.263    73.16
0.264    73.30
0.265    73.58
0.266    74.00
0.267    74.08
0.268    73.97
0.269    73.81
0.270    73.38
0.271    73.44
0.272    73.23
0.273    73.24
0.274    73.45
0.275    73.54
0.276    73.80
0.277    73.81
0.278    74.06
0.279    73.80
0.280    73.72
0.281    73.44
0.282    73.28
0.283    73.17
0.284    73.55
0.285    73.66
0.286    73.96
0.287    74.13
0.288    74.14
0.289    73.81
0.290    73.53
0.291    73.35
0.292    73.52
0.293    73.45
0.294    73.54
0.295    73.80
0.296    74.24
0.297    73.93
0.298    74.03
0.299    73.79
0.300    73.59
0.301    73.27
0.302    73.29
0.303    73.15
0.304    73.41
0.305    73.86
0.306    74.15
0.307    74.13
0.308    74.06
0.309    73.80
0.310    73.49
0.311    73.42
0.312    73.30
0.313    73.45
0.314    73.81
0.315    73.72
0.316    73.94
0.317    74.14
0.318    74.14
0.319    73.85
0.320    73.52
0.321    73.37
0.322    73.12
0.323    73.20
0.324    73.31
0.325    73.62
0.326    73.78
0.327    73.81
0.328    73.79
0.329    73.69
0.330    73.25
0.331    73.37
0.332    73.20
0.333    73.19
0.334    73.21
0.335    73.49
0.336    73.61
0.337    73.93
0.338    73.91
0.339    73.59
0.340    73.42
0.341    73.03
0.342    73.10
0.343    73.20
0.344    73.30
0.345    73.53
0.346    73.71
0.347    73.83
0.348    73.69
0.349    73.62
0.350    73.42
0.351    73.25
0.352    72.97
0.353    72.99
0.354    73.13
0.355    73.35
0.356    73.70
0.357    73.88
0.358    73.91
0.359    73.74
0.360    73.14
0.361    72.90
0.362    73.04
0.363    72.96
0.364    73.15
0.365    73.37
0.366    73.65
0.367    73.64
0.368    73.51
0.369    73.61
0.370    73.54
0.371    73.14
0.372    72.85
0.373    72.85
0.374    72.92
0.375    73.38
0.376    73.56
0.377    73.82
0.378    73.90
0.379    73.79
0.380    73.26
0.381    73.21
0.382    73.03
0.383    73.14
0.384    73.28
0.385    73.44
0.386    73.79
0.387    73.83
0.388    73.87
0.389    73.70
0.390    73.51
0.391    73.25
0.392    73.09
0.393    72.95
0.394    73.32
0.395    73.58
0.396    73.87
0.397    73.92
0.398    73.75
0.399    73.70
0.400    73.47
0.401    73.48
0.402    73.15
0.403    73.17
0.404    73.40
0.405    73.44
0.406    73.73
0.407    73.85
0.408    73.85
0.409    73.73
0.410    73.47
0.411    73.22
0.412    73.07
0.413    73.18
0.414    73.26
0.415    73.42
0.416    73.97
0.417    73.81
0.418    73.92
0.419    73.56
0.420    73.36
0.421    73.36
0.422    73.31
0.423    73.22
0.424    73.29
0.425    73.50
0.426    73.90
0.427    74.01
0.428    73.90
0.429    73.81
0.430    73.47
0.431    72.92
0.432    72.83
0.433    72.99
0.434    73.13
0.435    73.33
0.436    73.66
0.437    73.79
0.438    73.68
0.439    73.63
0.440    73.43
0.441    73.39
0.442    73.26
0.443    73.24
0.444    73.37
0.445    73.48
0.446    73.82
0.447    73.82
0.448    73.93
0.449    73.75
0.450    73.46
0.451    73.34
0.452    73.27
0.453    73.26
0.454    73.38
0.455    73.75
0.456    74.03
0.457    74.02
0.458    73.95
0.459    73.82
0.460    73.69
0.461    73.42
0.462    73.28
0.463    73.34
0.464    73.34
0.465    73.54
0.466    73.96
0.467    74.07
0.468    74.17
0.469    74.00
0.470    73.95
0.471    73.64
0.472    73.47
0.473    73.58
0.474    73.65
0.475    73.69
0.476    73.88
0.477    74.07
0.478    74.05
0.479    74.02
0.480    73.71
0.481    73.56
0.482    73.49
0.483    73.23
0.484    73.39
0.485    73.76
0.486    74.04
0.487    74.14
0.488    74.01
0.489    73.80
0.490    73.51
0.491    73.43
0.492    73.36
0.493    73.62
0.494    73.68
0.495    73.82
0.496    74.00
0.497    74.06
0.498    74.00
0.499    73.84
0.500    73.69
0.501    73.60
0.502    73.34
0.503    73.66
0.504    73.54
0.505    73.75
0.506    73.96
0.507    74.13
0.508    74.16
0.509    73.93
0.510    73.50
0.511    73.22
0.512    73.17
0.513    73.19
0.514    73.28
0.515    73.63
0.516    73.85
0.517    74.05
0.518    73.81
0.519    73.89
0.520    73.58
0.521    73.63
0.522    73.34
0.523    73.13
0.524    73.28
0.525    73.41
0.526    73.73
0.527    74.02
0.528    73.83
0.529    73.78
0.530    73.46
0.531    73.43
0.532    73.50
0.533    73.53
0.534    73.61
0.535    73.83
0.536    73.84
0.537    74.07
0.538    73.83
0.539    73.74
0.540    73.59
0.541    73.23
0.542    72.99
0.543    73.10
0.544    73.26
0.545    73.55
0.546    73.73
0.547    73.75
0.548    73.63
0.549    73.33
0.550    73.17
0.551    72.99
0.552    72.89
0.553    73.01
0.554    73.30
0.555    73.22
0.556    73.43
0.557    73.80
0.558    73.67
0.559    73.57
0.560    73.59
0.561    73.17
0.562    73.00
0.563    73.21
0.564    73.61
0.565    73.84
0.566    73.81
0.567    73.88
0.568    73.93
0.569    73.64
0.570    73.60
0.571    73.47
0.572    73.41
0.573    73.45
0.574    73.56
0.575    73.97
0.576    74.29
0.577    74.50
0.578    74.34
0.579    74.37
0.580    74.05
0.581    73.74
0.582    73.62
0.583    73.65
0.584    73.82
0.585    73.96
0.586    74.12
0.587    74.35
0.588    74.36
0.589    74.21
0.590    73.81
0.591    73.96
0.592    73.69
0.593    73.62
0.594    73.87
0.595    74.06
0.596    74.43
0.597    74.62
0.598    74.54
0.599    74.07
0.600    73.72
0.601    73.68
0.602    73.73
0.603    73.77
0.604    73.80
0.605    74.01
0.606    74.47
0.607    74.30
0.608    74.26
0.609    74.17
0.610    74.00
0.611    73.77
0.612    73.70
0.613    73.61
0.614    73.86
0.615    74.13
0.616    74.49
0.617    74.42
0.618    74.41
0.619    74.32
0.620    73.78
0.621    73.68
0.622    73.78
0.623    73.84
0.624    74.14
0.625    74.41
0.626    74.37
0.627    74.40
0.628    74.44
0.629    74.40
0.630    74.03
0.631    73.85
0.632    73.64
0.633    73.64
0.634    73.70
0.635    73.77
0.636    74.29
0.637    74.27
0.638    74.14
0.639    73.87
0.640    73.77
0.641    73.66
0.642    73.66
0.643    73.55
0.644    73.64
0.645    73.71
0.646    73.97
0.647    74.17
0.648    74.09
0.649    74.04
0.650    73.86
0.651    73.53
0.652    73.54
0.653    73.46
0.654    73.75
0.655    74.12
0.656    74.43
0.657    74.45
0.658    74.43
0.659    74.30
0.660    74.02
0.661    73.75
0.662    73.62
0.663    73.85
0.664    73.95
0.665    74.12
0.666    74.22
0.667    74.47
0.668    74.46
0.669    74.19
0.670    73.97
0.671    73.71
0.672    73.50
0.673    73.55
0.674    73.65
0.675    74.06
0.676    74.29
0.677    74.33
0.678    74.17
0.679    74.05
0.680    73.83
0.681    73.78
0.682    73.55
0.683    73.58
0.684    73.71
0.685    73.88
0.686    74.07
0.687    74.34
0.688    74.28
0.689    74.16
0.690    73.71
0.691    73.51
0.692    73.45
0.693    73.47
0.694    73.53
0.695    73.71
0.696    74.00
0.697    74.05
0.698    73.83
0.699    73.91
0.700    73.55
0.701    73.36
0.702    73.16
0.703    73.12
0.704    73.32
0.705    73.41
0.706    73.57
0.707    73.73
0.708    73.72
0.709    73.36
0.710    73.29
0.711    72.91
0.712    72.86
0.713    72.96
0.714    73.02
0.715    73.14
0.716    73.30
0.717    73.36
0.718    73.39
0.719    73.15
0.720    73.00
0.721    72.74
0.722    72.65
0.723    72.58
0.724    72.67
0.725    72.86
0.726    73.00
0.727    73.09
0.728    73.15
0.729    72.70
0.730    72.44
0.731    72.24
0.732    71.99
0.733    72.08
0.734    72.37
0.735    72.31
0.736    72.57
0.737    72.75
0.738    72.55
0.739    72.54
0.740    72.41
0.741    72.02
0.742    71.95
0.743    72.01
0.744    72.08
0.745    72.27
0.746    72.42
0.747    72.73
0.748    72.88
0.749    72.58
0.750    72.24
0.751    72.03
0.752    71.97
0.753    72.03
0.754    72.06
0.755    72.01
0.756    72.25
0.757    72.50
0.758    72.54
0.759    72.32
0.760    71.98
0.761    71.77
0.762    71.68
0.763    71.57
0.764    71.90
0.765    72.05
0.766    72.22
0.767    72.37
0.768    72.27
0.769    72.06
0.770    71.91
0.771    71.66
0.772    71.72
0.773    71.70
0.774    71.87
0.775    71.92
0.776    72.22
0.777    72.44
0.778    72.45
0.779    72.36
0.780    72.20
0.781    72.00
0.782    71.79
0.783    71.94
0.784    72.03
0.785    72.45
0.786    72.72
0.787    72.77
0.788    72.64
0.789    72.20
0.790    72.21
0.791    72.16
0.792    72.01
0.793    72.22
0.794    72.11
0.795    72.41
0.796    72.68
0.797    72.81
0.798    72.87
0.799    72.75
0.800    72.49
0.801    72.30
0.802    72.13
0.803    72.25
0.804    72.51
0.805    72.75
0.806    73.03
0.807    73.11
0.808    73.05
0.809    72.86
0.810    72.77
0.811    72.67
0.812    72.55
0.813    73.11
0.814    72.81
0.815    72.95
0.816    73.20
0.817    73.21
0.818    73.35
0.819    73.11
0.820    73.02
0.821    72.68
0.822    72.56
0.823    72.73
0.824    72.87
0.825    73.12
0.826    73.24
0.827    73.47
0.828    73.37
0.829    73.41
0.830    73.13
0.831    73.42
0.832    72.88
0.833    73.07
0.834    73.15
0.835    73.36
0.836    73.64
0.837    73.91
0.838    73.86
0.839    73.60
0.840    73.46
0.841    73.15
0.842    73.20
0.843    73.40
0.844    73.61
0.845    73.88
0.846    74.04
0.847    74.29
0.848    74.21
0.849    74.13
0.850    73.87
0.851    73.88
0.852    73.68
0.853    73.68
0.854    73.85
0.855    74.12
0.856    74.36
0.857    74.63
0.858    74.33
0.859    74.32
0.860    74.05
0.861    73.93
0.862    73.93
0.863    74.01
0.864    74.34
0.865    74.49
0.866    74.72
0.867    74.86
0.868    74.94
0.869    74.76
0.870    74.63
0.871    74.34
0.872    74.10
0.873    74.10
0.874    74.31
0.875    74.61
0.876    75.01
0.877    75.23
0.878    75.04
0.879    74.81
0.880    74.46
0.881    74.32
0.882    74.35
0.883    74.39
0.884    74.61
0.885    74.66
0.886    75.07
0.887    75.17
0.888    75.31
0.889    75.13
0.890    75.08
0.891    74.60
0.892    74.64
0.893    74.44
0.894    74.70
0.895    74.99
0.896    75.20
0.897    75.47
0.898    75.42
0.899    75.19
0.900    75.26
0.901    74.99
0.902    74.89
0.903    74.91
0.904    75.06
0.905    75.30
0.906    75.35
0.907    75.52
0.908    75.55
0.909    75.48
0.910    75.23
0.911    74.87
0.912    74.90
0.913    74.77
0.914    75.13
0.915    75.44
0.916    76.01
0.917    76.02
0.918    75.65
0.919    75.65
0.920    75.34
0.921    75.27
0.922    75.17
0.923    75.17
0.924    75.26
0.925    75.56
0.926    75.64
0.927    75.86
0.928    76.00
0.929    75.74
0.930    75.64
0.931    75.30
0.932    75.29
0.933    75.44
0.934    75.59
0.935    76.34
0.936    76.04
0.937    76.17
0.938    76.28
0.939    76.05
0.940    75.74
0.941    75.54
0.942    75.60
0.943    75.47
0.944    75.72
0.945    75.90
0.946    76.05
0.947    76.48
0.948    76.35
0.949    76.05
0.950    75.74
0.951    75.56
0.952    75.35
0.953    75.36
0.954    75.68
0.955    75.84
0.956    76.02
0.957    75.94
0.958    75.96
0.959    75.77
0.960    75.76
0.961    75.54
0.962    75.43
0.963    75.38
0.964    75.47
0.965    75.75
0.966    75.85
0.967    75.98
0.968    76.03
0.969    75.69
0.970    75.25
0.971    75.00
0.972    75.00
0.973    74.83
0.974    75.17
0.975    75.43
0.976    75.46
0.977    75.48
0.978    75.38
0.979    75.39
0.980    75.13
0.981    75.00
0.982    74.62
0.983    74.72
0.984    74.93
0.985    75.11
0.986    75.37
0.987    75.53
0.988    75.34
0.989    75.07
0.990    74.83
0.991    74.51
0.992    74.35
0.993    74.56
0.994    74.53
0.995    74.75
0.996    74.76
0.997    74.93
0.998    74.91
0.999    74.94
1.000    74.35
1.001    74.19
1.002    73.96
1.003    73.99
1.004    74.03
1.005    74.30
1.006    74.60
1.007    74.51
1.008    74.30
1.009    73.97
1.010    73.79
1.011    73.43
1.012    73.42
1.013    73.42
1.014    73.48
1.015    73.62
1.016    73.74
1.017    73.82
1.018    73.81
1.019    73.78
1.020    73.73
1.021    73.15
1.022    72.87
1.023    73.12
1.024    73.41
1.025    73.42
1.026    73.77
1.027    73.87
1.028    73.76
1.029    73.54
1.030    73.47
1.031    73.22
1.032    73.21
1.033    73.31
1.034    73.45
1.035    73.61
1.036    73.93
1.037    74.05
1.038    74.47
1.039    74.07
1.040    73.76
1.041    73.61
1.042    73.46
1.043    73.56
1.044    74.01
1.045    74.20
1.046    74.48
1.047    74.61
1.048    74.47
1.049    74.32
1.050    74.25
1.051    74.15
1.052    74.21
1.053    74.18
1.054    74.31
1.055    74.51
1.056    74.79
1.057    74.79
1.058    74.76
1.059    74.70
1.060    74.56
1.061    74.34
1.062    74.35
1.063    74.35
1.064    74.64
1.065    74.76
1.066    75.11
1.067    75.22
1.068    75.11
1.069    74.86
1.070    74.81
1.071    74.74
1.072    74.50
1.073    74.37
1.074    74.58
1.075    74.74
1.076    75.11
1.077    75.26
1.078    75.14
1.079    74.90
1.080    74.55
1.081    74.21
1.082    74.17
1.083    74.31
1.084    74.43
1.085    74.66
1.086    74.81
1.087    74.93
1.088    74.82
1.089    74.72
1.090    74.42
1.091    74.29
1.092    74.14
1.093    73.89
1.094    74.05
1.095    74.35
1.096    74.59
1.097    74.54
1.098    74.49
1.099    74.12
1.100    73.88
1.101    73.83
1.102    73.66
1.103    73.82
1.104    73.93
1.105    74.04
1.106    74.28
1.107    74.34
1.108    74.29
1.109    73.93
1.110    73.86
1.111    73.62
1.112    73.60
1.113    73.61
1.114    73.62
1.115    73.95
1.116    74.24
1.117    74.48
1.118    74.39
1.119    74.14
1.120    73.93
1.121    73.70
1.122    73.63
1.123    74.23
1.124    73.85
1.125    73.99
1.126    74.07
1.127    74.26
1.128    74.31
1.129    74.19
1.130    73.77
1.131    73.61
1.132    73.51
1.133    73.37
1.134    73.47
1.135    73.95
1.136    74.15
1.137    74.26
1.138    74.15
1.139    73.82
1.140    73.52
1.141    73.44
1.142    73.59
1.143    73.03
1.144    73.14
1.145    73.15
1.146    73.25
1.147    73.46
1.148    73.41
1.149    73.29
1.150    73.01
1.151    72.62
1.152    72.43
1.153    72.45
1.154    72.53
1.155    72.79
1.156    73.04
1.157    73.19
1.158    72.96
1.159    72.80
1.160    72.52
1.161    72.49
1.162    72.53
1.163    72.46
1.164    72.51
1.165    72.43
1.166    72.88
1.167    73.10
1.168    73.10
1.169    72.99
1.170    72.70
1.171    72.50
1.172    72.37
1.173    72.53
1.174    72.54
1.175    72.87
1.176    72.95
1.177    73.13
1.178    73.19
1.179    73.00
1.180    72.68
1.181    72.59
1.182    72.56
1.183    72.47
1.184    72.49
1.185    72.85
1.186    72.90
1.187    73.25
1.188    73.25
1.189    72.95
1.190    72.81
1.191    72.67
1.192    72.65
1.193    72.58
1.194    72.92
1.195    73.43
1.196    73.51
1.197    73.51
1.198    73.58
1.199    73.65
1.200    73.38
1.201    73.41
1.202    73.24
1.203    73.11
1.204    73.27
1.205    73.43
1.206    73.84
1.207    74.03
1.208    74.06
1.209    73.83
1.210    73.52
1.211    73.28
1.212    73.16
1.213    72.99
1.214    73.45
1.215    73.50
1.216    73.64
1.217    73.79
1.218    73.73
1.219    73.60
1.220    73.37
1.221    73.13
1.222    73.05
1.223    72.88
1.224    73.02
1.225    73.38
1.226    73.57
1.227    74.07
1.228    73.45
1.229    73.26
1.230    73.00
1.231    72.75
1.232    72.87
1.233    72.86
1.234    73.04
1.235    73.18
1.236    73.38
1.237    73.42
1.238    73.42
1.239    73.25
1.240    73.22
1.241    72.84
1.242    72.85
1.243    72.80
1.244    72.81
1.245    73.77
1.246    73.59
1.247    73.83
1.248    73.63
1.249    73.35
1.250    73.27
1.251    73.20
1.252    73.05
1.253    73.33
1.254    73.43
1.255    73.64
1.256    73.86
1.257    74.06
1.258    74.00
1.259    73.95
1.260    73.73
1.261    73.48
1.262    73.47
1.263    73.24
1.264    73.55
1.265    73.79
1.266    73.93
1.267    73.95
1.268    73.92
1.269    73.78
1.270    73.41
1.271    73.39
1.272    73.27
1.273    73.31
1.274    73.47
1.275    73.64
1.276    73.84
1.277    73.99
1.278    73.95
1.279    73.91
1.280    73.59
1.281    73.32
1.282    73.14
1.283    73.44
1.284    73.59
1.285    73.85
1.286    74.17
1.287    74.21
1.288    74.05
1.289    73.91
1.290    73.81
1.291    73.83
1.292    73.58
1.293    73.59
1.294    73.61
1.295    73.87
1.296    73.91
1.297    74.35
1.298    74.11
1.299    73.95
1.300    73.63
1.301    73.58
1.302    73.43
1.303    73.41
1.304    73.62
1.305    73.90
1.306    74.13
1.307    74.14
1.308    74.15
1.309    73.74
1.310    73.49
1.311    73.37
1.312    73.47
1.313    73.21
1.314    73.31
1.315    73.52
1.316    73.93
1.317    74.23
1.318    73.99
1.319    73.97
1.320    73.59
1.321    73.23
1.322    73.14
1.323    73.41
1.324    73.58
1.325    73.78
1.326    74.06
1.327    74.02
1.328    73.93
1.329    73.81
1.330    73.78
1.331    73.44
1.332    73.30
1.333    73.26
1.334    73.41
1.335    73.74
1.336    73.94
1.337    74.35
1.338    74.16
1.339    73.97
1.340    73.52
1.341    73.53
1.342    73.42
1.343    73.62
1.344    74.06
1.345    74.10
1.346    74.40
1.347    74.55
